0 0.503125 0.696875 0.059375 0.165625
4 0.488281 0.547656 0.035938 0.104688
2 0.252344 0.335938 0.048438 0.078125
4 0.341406 0.478125 0.032813 0.103125
0 0.567188 0.503906 0.053125 0.089063
4 0.307031 0.783594 0.051563 0.154688
0 0.580469 0.815625 0.070312 0.231250
2 0.421875 0.317969 0.034375 0.060938
0 0.650781 0.685938 0.064063 0.140625
4 0.353125 0.301563 0.025000 0.059375
0 0.528125 0.402344 0.037500 0.067187
2 0.031250 0.317969 0.046875 0.054688
2 0.105469 0.255469 0.039062 0.048438
