5 0.090625 0.696875 0.178125 0.475000
4 0.240625 0.674219 0.040625 0.114063
4 0.561719 0.724219 0.051563 0.126562
4 0.216406 0.481250 0.029688 0.084375
2 0.326563 0.637500 0.078125 0.203125
2 0.453906 0.255469 0.032813 0.064063
3 0.289062 0.300000 0.053125 0.118750
4 0.264844 0.510156 0.032813 0.085938
4 0.314063 0.517969 0.037500 0.082813
4 0.481250 0.404688 0.025000 0.071875
4 0.455469 0.405469 0.026563 0.070312
4 0.525000 0.412500 0.040625 0.093750
4 0.431250 0.385156 0.025000 0.064063
