0 0.467188 0.510938 0.053125 0.125000
3 0.288281 0.755469 0.142187 0.426563
4 0.310156 0.403906 0.035938 0.092188
2 0.275000 0.260937 0.037500 0.059375
4 0.609375 0.932813 0.059375 0.125000
4 0.466406 0.348438 0.023438 0.068750
4 0.664062 0.750781 0.046875 0.139063
4 0.329688 0.275000 0.025000 0.059375
4 0.512500 0.650781 0.037500 0.139063
4 0.628906 0.625000 0.023438 0.103125
4 0.599219 0.578906 0.039062 0.101562
4 0.553125 0.508594 0.031250 0.085938
4 0.519531 0.528906 0.039062 0.092188
2 0.052344 0.881250 0.101562 0.228125
