2 0.217188 0.394531 0.050000 0.095313
2 0.197656 0.566406 0.073438 0.142187
0 0.696094 0.941406 0.104688 0.114063
2 0.277344 0.255469 0.035938 0.051563
0 0.649219 0.687500 0.067187 0.134375
0 0.541406 0.553125 0.051563 0.121875
4 0.513281 0.871875 0.051563 0.171875
4 0.490625 0.430469 0.025000 0.076563
0 0.544531 0.460156 0.042188 0.070312
4 0.488281 0.555469 0.039062 0.092188
4 0.446094 0.475781 0.032813 0.085938
4 0.448438 0.395313 0.018750 0.056250
4 0.444531 0.335156 0.029688 0.060938
4 0.475000 0.379688 0.021875 0.050000
